1 2 -1
1 3 -1
1 4 -1
1 5 -1
1 6 -1
1 7 -1
1 8 -1
1 9 -1
1 10 -1
1 11 -1
1 12 -1
1 13 -1
1 14 -1
1 15 -1
1 16 -1
1 17 -1
1 18 -1
1 19 -1
1 20 -1
1 21 -1
1 22 -1
1 23 -1
1 24 -1
1 25 -1
1 26 -1
1 27 -1
1 28 -1
1 29 -1
1 30 -1
1 31 -1
1 32 -1
1 33 -1
1 34 -1
2 3 1.142579239
2 4 3.709424284
2 5 0.9045455024
2 6 3.807874792
2 7 3.324563756
2 8 2.124732773
2 9 2.404518521
2 10 2.686269057
2 11 3.186443391
2 12 3.90621258
2 13 2.925556159
2 14 2.796982102
2 15 4.247659947
2 16 -1
2 17 5.258429802
2 18 4.30708108
2 19 4.966799274
2 20 5.120052259
2 21 4.768993318
2 22 4.92012403
2 23 8.699400191
2 24 5.072815187
2 25 5.716628928
2 26 5.497336823
2 27 6.061393819
2 28 6.688789227
2 29 -1
2 30 7.025579678
2 31 7.221710066
2 32 7.139449689
2 33 -1
2 34 8.521545327
3 4 3.70806733
3 5 1.439267957
3 6 3.988309868
3 7 3.72759525
3 8 2.535519651
3 9 2.797778225
3 10 3.065024581
3 11 3.556199043
3 12 4.276678878
3 13 3.299259865
3 14 3.175900776
3 15 4.62039452
3 16 -1
3 17 5.634149884
3 18 4.683104057
3 19 5.342750587
3 20 5.496002454
3 21 5.144955529
3 22 5.296086507
3 23 9.075361006
3 24 5.448776736
3 25 6.092589782
3 26 5.87329793
3 27 6.437354759
3 28 7.064750166
3 29 -1
3 30 7.401540617
3 31 7.597671004
3 32 7.515410628
3 33 -1
3 34 8.897506258
4 5 3.673341192
4 6 2.557299195
4 7 4.610094252
4 8 3.498622784
4 9 3.578710894
4 10 3.695211793
4 11 4.092848397
4 12 4.820714058
4 13 3.876942308
4 14 3.807782771
4 15 5.188003604
4 16 -1
4 17 6.232789011
4 18 5.284891198
4 19 5.943792953
4 20 6.097033247
4 21 5.746110245
4 22 5.8972449
4 23 9.676502052
4 24 6.049925479
4 25 6.6937313
4 26 6.474440466
4 27 7.038497153
4 28 7.665892513
4 29 -1
4 30 8.00268302
4 31 8.198813435
4 32 8.116553031
4 33 -1
4 34 9.498648669
5 6 3.64899998
5 7 3.015336109
5 8 1.810266766
5 9 2.101890671
5 10 2.393437995
5 11 2.899691481
5 12 3.618980662
5 13 2.636137519
5 14 2.50404102
5 15 3.958896062
5 16 -1
5 17 4.967649189
5 18 4.016095881
5 19 4.675862474
5 20 4.829116206
5 21 4.478049217
5 22 4.62917969
5 23 8.408456985
5 24 4.781871475
5 25 5.425685685
5 26 5.206393669
5 27 5.770450519
5 28 6.397845926
5 29 -1
5 30 6.734636377
5 31 6.930766765
5 32 6.848506388
5 33 -1
5 34 8.230602026
6 7 4.102015927
6 8 3.019390582
6 9 3.034283926
6 10 3.096836074
6 11 3.46099735
6 12 4.191506242
6 13 3.259776188
6 14 3.210013888
6 15 4.567232422
6 16 -1
6 17 5.62312286
6 18 4.67635166
6 19 5.334986874
6 20 5.488223026
6 21 5.137344401
6 22 5.288480345
6 23 9.067731288
6 24 5.44115747
6 25 6.084960707
6 26 5.865670236
6 27 6.429726873
6 28 7.05712229
6 29 -1
6 30 7.393912742
6 31 7.59004313
6 32 7.507782754
6 33 -1
6 34 8.889878392
7 8 1.770254364
7 9 2.11096338
7 10 2.405264847
7 11 2.913940117
7 12 3.633102467
7 13 2.649408328
7 14 2.516288787
7 15 3.972509796
7 16 -1
7 17 4.980593896
7 18 4.028972716
7 19 4.688755366
7 20 4.842009348
7 21 4.490939685
7 22 4.64207008
7 23 8.42134775
7 24 4.794762073
7 25 5.438576439
7 26 5.219284401
7 27 5.783341254
7 28 6.410736662
7 29 -1
7 30 6.747527113
7 31 6.9436575
7 32 6.861397123
7 33 -1
7 34 8.243492762
8 9 0.9837627626
8 10 1.298721028
8 11 1.819776938
8 12 2.537929926
8 13 1.549787906
8 14 1.409321772
8 15 2.874174898
8 16 -1
8 17 3.878096583
8 18 2.926053123
8 19 3.585935692
8 20 3.739191167
8 21 3.388104919
8 22 3.539234827
8 23 7.31851483
8 24 3.691928231
8 25 4.335743449
8 26 4.116451268
8 27 4.680508147
8 28 5.307903554
8 29 -1
8 30 5.644694005
8 31 5.840824392
8 32 5.758564015
8 33 -1
8 34 7.140659652
9 10 0.9574772816
9 11 1.553513436
9 12 2.265687323
9 13 1.250792825
9 14 1.066783945
9 15 2.583076931
9 16 -1
9 17 3.562180258
9 18 2.607618963
9 19 3.268097201
9 20 3.421361998
9 21 3.070176518
9 22 3.221303558
9 23 7.000597429
9 24 3.374004455
9 25 4.017825675
9 26 3.798532688
9 27 4.362589671
9 28 4.989985073
9 29 -1
9 30 5.326775524
9 31 5.522905911
9 32 5.440645534
9 33 -1
9 34 6.822741174
10 11 1.284580223
10 12 2.004723265
10 13 0.9557293805
10 14 0.8335196786
10 15 2.327156397
10 16 -1
10 17 3.312849629
10 18 2.358957183
10 19 3.019277173
10 20 3.172539498
10 21 2.821380394
10 22 2.972508181
10 23 6.751798356
10 24 3.125207133
10 25 3.769026703
10 26 3.549733931
10 27 4.113790885
10 28 4.741186288
10 29 -1
10 30 5.077976739
10 31 5.274107127
10 32 5.191846749
10 33 -1
10 34 6.573942387
11 12 1.35711969
11 13 1.214613607
11 14 1.336960126
11 15 2.008314756
11 16 -1
11 17 3.424849065
11 18 2.51466403
11 19 3.164643543
11 20 3.317745193
11 21 2.968307682
11 22 3.119485483
11 23 6.898534809
11 24 3.272050449
11 25 3.915769737
11 26 3.696491084
11 27 4.260546092
11 28 4.887941578
11 29 -1
11 30 5.22473204
11 31 5.420862428
11 32 5.338602059
11 33 -1
11 34 6.720697695
12 13 1.963777559
12 14 2.015210996
12 15 1.836531464
12 16 -1
12 17 3.715969208
12 18 2.852745508
12 19 3.491614751
12 20 3.644543757
12 21 3.296956025
12 22 3.448187565
12 23 7.226978096
12 24 3.600608562
12 25 4.244220096
12 26 4.024956612
12 27 4.589009529
12 28 5.216404971
12 29 -1
12 30 5.553195577
12 31 5.749325955
12 32 5.667065608
12 33 -1
12 34 7.04916124
13 14 0.9701723287
13 15 2.323287427
13 16 -1
13 17 3.357642033
13 18 2.408686952
13 19 3.067838965
13 20 3.221082977
13 21 2.870118329
13 22 3.021251775
13 23 6.800514752
13 24 3.173935595
13 25 3.817743843
13 26 3.598452666
13 27 4.1625094
13 28 4.789904813
13 29 -1
13 30 5.126695265
13 31 5.322825652
13 32 5.240565276
13 33 -1
13 34 6.622660914
14 15 2.257984171
14 16 -1
14 17 3.138971743
14 18 2.174456393
14 19 2.837289628
14 20 2.990591012
14 21 2.639013456
14 22 2.790129097
14 23 6.569477824
14 24 2.942860619
14 25 3.586704571
14 26 3.367408368
14 27 3.931465795
14 28 4.558861178
14 29 -1
14 30 4.895651626
14 31 5.091782013
14 32 5.009521634
14 33 -1
14 34 6.391617273
15 16 -1
15 17 3.242521598
15 18 2.467008374
15 19 3.085127082
15 20 3.237733776
15 21 2.893600781
15 22 3.044932679
15 23 6.823240028
15 24 3.197084787
15 25 3.840495064
15 26 3.621259913
15 27 4.185308924
15 28 4.812704667
15 29 -1
15 30 5.14949516
15 31 5.345625553
15 32 5.26336521
15 33 -1
15 34 6.645460837
16 17 -1
16 18 -1
16 19 -1
16 20 -1
16 21 -1
16 22 -1
16 23 -1
16 24 -1
16 25 -1
16 26 -1
16 27 -1
16 28 -1
16 29 -1
16 30 -1
16 31 -1
16 32 -1
16 33 -1
16 34 -1
17 18 1.962399944
17 19 2.315067985
17 20 2.458450571
17 21 2.194085772
17 22 2.345832465
17 23 6.114036275
17 24 2.492384302
17 25 3.1315712
17 26 2.912934535
17 27 3.476901166
17 28 4.104300426
17 29 -1
17 30 4.441091367
17 31 4.637221817
17 32 4.554961829
17 33 -1
17 34 5.937057334
18 19 1.360983668
18 20 1.51499417
18 21 1.144970652
18 22 1.294397128
18 23 5.07695439
18 24 1.448925285
18 25 2.094095633
18 26 1.874615049
18 27 2.438697958
18 28 3.066092252
18 29 -1
18 30 3.402882562
18 31 3.599012932
18 32 3.516752442
18 33 -1
18 34 4.898848119
19 20 0.8499844642
19 21 0.9699817104
19 22 1.118324993
19 23 4.831074752
19 24 1.233980886
19 25 1.850126443
19 26 1.634741245
19 27 2.198259915
19 28 2.825678308
19 29 -1
19 30 3.162471676
19 31 3.358602439
19 32 3.276344381
19 33 -1
19 34 4.658439227
20 21 1.101236573
20 22 1.227986689
20 23 4.913564953
20 24 1.329786099
20 25 1.933541696
20 26 1.720070353
20 27 2.283330113
20 28 2.910759555
20 29 -1
20 30 3.247554325
20 31 3.443685269
20 32 3.361428325
20 33 -1
20 34 4.743522789
21 22 0.7875965205
21 23 4.563423972
21 24 0.9376334678
21 25 1.580588989
21 26 1.361232273
21 27 1.925292772
21 28 2.552688035
21 29 -1
21 30 2.889478468
21 31 3.085608853
21 32 3.003348461
21 33 -1
21 34 4.385444105
22 23 4.483961764
22 24 0.7911276963
22 25 1.497453118
22 26 1.269971278
22 27 1.83516873
22 28 2.462515401
22 29 -1
22 30 2.799299668
22 31 2.995429259
22 32 2.913163912
22 33 -1
22 34 4.295261285
23 24 4.376411938
23 25 4.084946594
23 26 4.296530755
23 27 4.826987554
23 28 5.455814564
23 29 -1
23 30 5.792786016
23 31 5.988939707
23 32 5.906823144
23 33 -1
23 34 7.288869595
24 25 1.382275512
24 26 1.137045569
24 27 1.704789519
24 28 2.332027242
24 29 -1
24 30 2.668797675
24 31 2.864925485
24 32 2.782649194
24 33 -1
24 34 4.164750275
25 26 1.21651683
25 27 1.730512955
25 28 2.360051016
25 29 -1
25 30 2.697111975
25 31 2.893277163
25 32 2.811231695
25 33 -1
25 34 4.193253856
26 27 1.158630201
26 28 1.781195524
26 29 -1
26 30 2.117375032
26 31 2.313426761
26 32 2.230681003
26 33 -1
26 34 3.612942649
27 28 1.404274037
27 29 -1
27 30 1.771402663
27 31 1.971288741
27 32 1.911554471
27 33 -1
27 34 3.285966047
28 29 -1
28 30 1.694199265
28 31 1.931451642
28 32 2.077501586
28 33 -1
28 34 3.383989994
29 30 -1
29 31 -1
29 32 -1
29 33 -1
29 34 -1
30 31 1.369107443
30 32 2.11544853
30 33 -1
30 34 3.225350879
31 32 2.22295405
31 33 -1
31 34 3.205259771
32 33 -1
32 34 2.419751825
33 34 -1
